20,2,17,10,15,32,29,25,18,14,5,12,31,35,19,34,3,7,0,21,22,24,11,6,28,33,26,1,8,9,4,27,13,16,30,23
5,26,21,3,13,6,19,12,0,8,31,18,35,28,4,24,22,11,34,15,33,23,27,32,2,30,7,25,16,20,29,1,9,17,14,10
28,10,34,9,25,24,32,2,23,8,21,33,4,13,15,30,14,6,27,20,0,3,19,12,16,7,5,18,35,31,26,11,22,1,29,17
19,26,24,30,16,33,5,22,3,17,31,35,9,15,27,34,4,29,14,8,0,6,21,7,28,18,10,11,2,13,23,32,1,25,20,12
33,21,27,24,31,13,20,7,34,23,6,26,19,30,22,14,9,10,16,0,5,17,8,35,4,32,18,11,29,3,28,25,2,15,1,12
13,9,25,19,14,15,1,20,30,5,2,31,33,4,16,34,17,24,12,27,0,10,26,35,22,6,28,3,29,32,7,21,8,11,23,18
15,30,35,24,29,17,27,4,12,22,14,33,6,32,28,21,26,5,10,19,2,8,7,25,31,20,11,3,16,34,9,23,0,1,13,18
15,9,23,29,25,34,8,33,10,28,22,31,16,18,12,4,17,3,19,26,21,7,20,0,11,2,14,24,6,32,5,30,27,13,35,1
25,23,18,7,8,12,33,29,20,35,13,16,3,17,22,24,4,5,19,10,26,9,32,30,11,15,27,34,0,2,31,21,6,1,28,14
7,19,9,30,21,33,18,24,17,31,32,0,8,10,26,13,3,16,34,25,1,29,27,4,14,22,28,12,11,15,23,5,2,35,20,6,
21,11,34,2,4,22,9,33,27,12,23,17,19,35,8,16,31,32,0,25,30,18,26,10,3,24,6,13,15,5,20,1,7,29,14,28,
34,17,25,11,10,7,19,22,28,9,0,20,21,32,31,26,30,15,6,14,4,27,35,16,5,3,23,12,1,8,18,2,24,29,33,13,
35,27,21,18,0,5,20,14,22,30,12,6,15,31,34,13,17,8,23,26,32,7,16,29,19,4,9,2,33,10,11,3,28,1,24,25,
25,30,17,2,5,8,16,33,4,6,22,9,28,12,0,14,23,20,24,11,29,34,26,15,18,31,13,21,7,35,32,10,1,19,27,3,
26,5,29,12,17,31,28,9,14,21,30,13,32,6,19,24,0,33,22,23,18,25,15,27,8,34,20,7,4,11,16,2,3,35,1,10,
34,33,13,12,14,5,25,1,17,11,24,27,9,32,29,23,35,30,16,19,15,2,21,20,10,0,6,4,31,26,28,3,8,7,18,22,
24,10,20,8,12,33,22,9,32,0,17,4,29,15,34,16,19,14,5,35,2,13,28,25,6,1,18,21,11,26,7,23,30,3,31,27,
3,31,30,32,24,14,23,22,35,29,0,19,21,12,11,20,9,13,34,10,7,1,16,2,15,4,17,33,8,28,5,27,25,6,26,18,
20,13,32,31,4,6,1,5,7,26,21,30,28,18,16,35,29,22,10,0,19,8,24,23,15,14,25,17,33,2,9,34,3,27,11,12,
6,30,11,8,9,4,5,23,24,25,22,17,14,19,13,35,7,0,27,20,31,16,33,2,10,18,1,34,15,32,12,28,3,26,29,21,
7,1,19,34,11,9,5,22,32,17,26,20,0,33,13,16,29,30,31,4,18,35,10,24,8,15,27,14,6,21,23,25,3,12,2,28,
20,29,35,6,12,19,26,2,30,24,28,31,0,34,21,1,33,10,11,13,32,16,23,22,18,4,9,5,14,8,7,27,3,25,17,15,
1,8,17,13,27,0,7,32,2,26,9,15,10,3,6,14,35,12,28,24,25,23,19,34,4,11,22,16,21,30,20,18,31,5,33,29,
2,28,18,35,24,0,6,5,8,9,32,12,27,14,19,17,10,3,13,34,11,4,7,30,1,25,26,22,21,20,16,31,23,33,29,15,
12,31,10,28,26,8,24,14,25,32,33,23,21,20,4,19,11,30,5,15,22,27,16,0,9,6,3,17,18,1,7,34,29,13,2,35,
19,11,10,22,25,35,5,34,7,28,4,24,31,21,20,12,33,16,23,29,1,6,0,13,15,32,9,17,3,18,14,30,26,27,8,2,
16,5,28,30,21,13,35,20,6,23,31,12,29,22,1,26,32,27,4,19,9,17,2,25,8,15,34,7,24,11,0,33,14,18,3,10,
20,14,25,0,7,9,12,3,26,15,18,2,11,31,27,16,1,28,29,10,21,6,5,8,4,33,35,30,34,22,32,19,23,17,24,13,
9,4,8,5,6,25,7,21,24,29,28,2,19,26,3,10,12,31,15,18,16,17,30,14,34,20,32,22,23,27,11,35,0,13,1,33,
24,22,1,35,16,32,31,33,20,6,2,28,23,25,3,9,8,34,30,27,18,17,11,10,21,13,7,26,5,15,14,29,0,12,19,4,
18,29,2,16,4,28,26,14,23,8,1,7,30,31,0,33,21,27,11,19,15,6,5,25,35,32,34,9,22,13,17,24,20,10,3,12,
6,29,26,25,11,31,30,27,17,8,15,7,16,34,20,24,4,9,14,1,18,22,19,33,35,5,21,28,23,10,2,0,32,12,3,13,
22,17,0,27,12,21,7,6,25,11,28,32,5,19,16,8,18,31,29,13,9,24,2,10,15,26,3,35,20,34,4,1,30,14,23,33,
5,28,21,7,27,6,35,19,32,17,31,16,2,13,18,34,4,33,24,15,26,10,22,25,23,9,14,8,3,30,20,12,29,11,0,1,
3,7,25,31,19,18,6,1,15,14,33,5,24,2,12,30,20,11,23,32,34,4,8,29,21,27,28,16,0,22,13,9,10,17,35,26,
22,12,30,1,14,33,18,13,2,27,0,29,19,6,7,32,10,26,35,28,16,3,17,31,20,8,25,34,21,23,24,9,15,5,11,4,
5,16,6,20,34,22,0,13,21,9,7,19,30,10,12,24,8,18,26,17,23,35,14,32,11,28,25,15,1,29,3,27,2,33,31,4,
12,21,35,1,23,32,20,27,3,31,15,7,9,28,30,6,29,18,10,22,24,13,34,11,0,19,17,33,2,16,14,4,25,8,26,5,
21,29,22,31,3,20,1,6,34,2,13,0,28,11,24,25,12,27,23,9,16,32,18,33,7,14,30,26,10,17,35,5,4,8,19,15,
23,18,27,28,8,9,31,5,35,7,26,34,6,16,1,14,2,33,17,19,21,20,13,3,24,15,25,32,11,0,4,12,29,22,30,10,
31,2,25,28,23,12,20,29,21,14,30,19,11,4,33,6,1,22,18,27,26,10,24,15,17,8,16,3,32,7,13,34,9,5,35,0,
11,10,17,21,13,1,25,3,4,27,12,30,32,9,5,8,35,14,28,19,7,15,20,29,6,16,18,24,2,22,26,23,31,33,0,34,
20,26,4,1,23,0,33,17,21,14,9,31,27,12,30,5,22,11,10,6,16,32,18,8,28,15,2,35,7,29,13,24,25,34,19,3,
5,8,28,0,4,24,32,11,33,6,20,26,13,9,27,35,22,30,12,23,19,10,15,14,18,16,1,2,7,17,29,25,31,3,34,21,
34,16,25,20,18,31,17,33,11,5,27,19,21,10,29,12,6,32,7,0,9,22,23,2,13,3,28,26,35,30,24,4,15,14,8,1,
12,29,4,16,6,34,21,25,23,28,1,3,9,20,13,27,10,14,2,26,33,5,24,8,30,7,18,17,35,0,15,32,19,11,31,22,
2,19,4,18,24,9,1,29,33,11,16,23,13,27,30,26,21,3,6,10,17,20,28,22,8,25,34,15,32,12,31,0,14,35,7,5,
0,27,21,32,18,25,1,5,15,17,23,16,28,35,31,29,30,4,20,2,13,26,11,33,34,19,3,12,22,6,7,10,9,14,24,8,
23,22,27,1,9,6,13,33,7,2,12,34,4,11,19,31,14,25,8,10,20,16,29,35,21,0,32,3,18,26,5,17,28,15,30,24,
12,30,34,14,2,29,15,19,28,10,17,3,22,16,35,33,31,9,1,24,6,26,27,8,25,5,11,21,20,18,7,4,23,0,13,32,
16,34,32,3,12,14,8,30,5,35,2,7,31,18,20,10,26,25,19,13,17,28,23,11,29,24,4,27,22,9,1,0,33,21,6,15,
3,35,13,1,22,0,12,8,24,4,27,32,2,11,10,30,18,6,15,29,16,20,17,23,9,31,19,26,7,14,5,25,28,34,21,33,
31,25,5,27,4,32,8,34,9,22,21,0,15,29,11,19,24,2,6,23,12,10,28,1,20,16,33,3,26,13,14,18,17,7,30,35,
12,7,0,26,27,13,2,34,24,29,33,18,6,31,19,15,25,1,23,10,22,28,17,5,30,8,20,4,16,3,21,35,32,14,9,11,
14,27,2,12,11,26,9,10,0,28,35,29,24,20,21,22,32,33,16,25,13,1,19,23,15,18,17,3,5,31,4,6,30,7,34,8,
5,28,18,2,10,21,29,34,35,32,25,30,13,23,8,16,27,24,15,26,20,1,3,6,0,14,17,31,19,22,33,7,11,9,4,12,
1,10,2,23,4,5,0,31,17,3,8,30,34,35,26,32,14,18,15,12,27,22,16,11,7,6,28,24,25,21,9,33,13,29,20,19,
10,19,11,20,2,6,23,29,25,4,9,15,3,22,34,0,32,8,31,5,28,17,1,12,18,26,35,21,33,7,27,16,14,24,30,13,
15,29,31,4,32,2,3,24,26,13,33,16,11,12,19,30,7,5,25,20,9,6,17,0,28,27,10,35,23,21,8,1,14,22,34,18,
3,31,32,34,22,28,33,5,15,9,29,24,26,25,12,16,11,19,10,18,2,20,35,30,27,7,21,14,4,0,1,13,6,8,23,17,
28,8,23,34,21,30,3,0,27,19,26,14,16,6,4,5,2,24,25,29,15,1,12,22,17,33,13,10,11,7,18,32,31,20,9,35,
12,33,25,14,20,16,18,13,8,32,24,6,22,27,35,2,26,15,29,10,34,3,28,21,0,11,23,5,31,1,30,17,19,9,7,4,
9,4,27,29,26,23,7,21,16,28,31,18,13,17,24,25,20,19,8,11,32,34,22,3,6,1,10,0,2,15,35,5,30,12,33,14,
30,27,25,6,1,21,35,10,17,12,13,8,19,26,29,28,23,3,16,22,9,24,11,7,34,20,18,14,2,0,31,4,33,15,32,5,
20,22,3,6,10,30,14,32,7,18,34,8,27,21,13,0,29,35,5,11,31,12,1,19,28,25,24,16,26,15,23,4,2,33,17,9,
18,24,35,14,5,6,13,25,15,26,21,29,27,10,4,28,17,9,31,32,2,23,19,22,1,11,3,12,16,34,8,33,30,0,20,7,
4,16,9,17,7,28,31,11,30,2,5,33,8,34,18,15,23,24,3,27,20,19,6,21,26,32,10,25,12,14,22,29,35,1,0,13,
6,3,31,32,28,24,12,13,8,7,11,1,29,2,16,21,26,22,19,30,33,18,35,5,23,25,34,15,17,0,10,20,27,14,9,4,
35,16,8,6,28,32,21,11,18,20,31,2,24,15,4,3,26,30,1,34,10,14,27,23,7,25,22,19,13,17,5,33,0,12,9,29,
30,27,23,20,31,24,11,0,19,8,22,25,35,12,18,32,2,5,17,1,15,21,34,9,29,14,6,28,33,10,13,26,7,16,3,4,
35,24,34,26,22,0,27,9,15,33,19,29,23,1,31,12,14,21,30,7,10,16,4,17,32,8,28,25,3,5,18,6,13,2,20,11,
9,11,13,12,8,4,24,1,27,0,35,34,19,17,22,32,7,16,31,15,33,26,3,21,6,20,2,10,5,29,25,18,28,23,30,14,
10,27,15,32,18,3,19,0,30,20,8,16,34,7,21,6,28,11,33,29,4,1,23,24,9,35,13,14,31,26,12,17,22,25,5,2,
15,6,18,19,13,3,27,28,26,16,5,35,1,7,9,32,14,24,29,33,4,23,22,17,31,11,20,8,34,10,30,12,0,25,2,21,
15,9,35,10,28,20,13,8,16,12,19,11,0,25,18,3,31,32,2,34,5,23,26,21,24,27,17,14,1,6,7,30,33,22,29,4,
20,1,5,25,26,17,18,29,2,10,16,3,35,24,4,21,9,7,14,0,8,19,23,11,30,33,12,13,27,28,22,15,34,32,31,6,
1,26,4,25,6,2,13,27,17,24,23,28,5,12,32,9,7,21,33,10,20,19,3,15,14,35,16,29,8,0,18,22,31,34,11,30,
13,30,35,33,11,24,6,27,0,15,9,20,18,28,29,8,1,22,17,7,21,31,34,5,26,4,14,23,16,2,32,25,19,3,10,12,
13,2,25,29,16,4,14,5,28,9,11,33,10,19,18,27,3,34,1,6,15,8,26,30,35,24,0,20,23,22,31,7,32,21,17,12,
22,10,25,13,1,24,28,0,7,18,9,4,33,27,5,35,30,34,16,31,19,29,23,32,6,20,8,12,14,17,2,15,11,3,21,26,
32,21,8,19,30,5,6,35,0,7,15,26,18,11,34,16,2,28,14,25,31,29,3,17,13,1,12,4,23,10,9,22,24,33,27,20,
25,23,24,16,22,20,1,15,3,19,32,21,7,12,27,2,17,31,4,28,8,18,13,11,30,9,6,10,33,0,35,34,5,26,29,14,
19,14,11,2,3,20,23,9,17,6,27,5,7,21,4,18,25,26,35,24,10,8,15,12,30,16,0,32,1,31,29,33,34,13,22,28,
29,20,2,9,4,25,11,30,22,23,16,19,31,5,13,32,7,17,26,21,28,12,0,15,3,10,1,35,8,14,24,33,18,34,27,6,
18,30,24,8,14,7,17,32,25,16,31,34,2,21,9,28,3,29,15,33,5,22,19,11,13,26,1,23,0,4,6,27,20,10,12,35,
6,30,16,11,24,25,0,33,9,14,1,13,29,18,35,10,5,2,22,4,3,8,26,27,7,12,20,23,31,17,15,21,28,19,32,34,
3,19,26,2,9,20,30,35,14,17,24,23,18,15,12,21,28,32,25,8,29,1,5,6,33,27,16,10,31,34,7,4,13,0,22,11,
25,8,4,12,2,7,5,22,26,29,34,10,30,23,35,11,1,20,28,19,17,6,14,31,32,16,0,13,15,24,21,3,33,18,9,27,
22,24,29,17,11,10,32,35,20,5,14,31,0,2,26,3,16,27,28,13,34,21,18,23,30,9,25,6,33,8,15,12,19,4,7,1,
35,30,12,14,11,6,8,0,22,25,28,17,27,7,3,34,5,33,16,4,20,2,21,26,29,19,18,24,10,15,23,32,9,13,1,31,
4,24,31,11,1,25,18,29,32,23,21,10,3,8,26,30,16,0,2,12,33,9,7,6,28,15,22,13,14,5,34,17,27,35,20,19,
29,16,20,26,31,19,0,18,6,33,28,15,9,32,22,3,35,25,17,8,4,11,30,23,12,24,13,34,7,1,14,10,21,27,2,5,
21,34,0,24,29,1,7,15,19,4,25,12,18,13,31,11,8,5,26,3,9,30,10,20,16,28,2,23,22,6,17,32,27,35,14,33,
32,0,11,16,23,12,19,26,13,35,27,3,18,9,15,28,31,33,6,25,29,21,10,5,24,20,30,22,2,7,1,14,8,4,17,34,
3,31,7,13,8,4,14,28,17,20,33,27,2,22,19,24,0,30,5,10,9,1,34,23,32,35,16,6,15,25,11,29,26,21,18,12,
23,3,0,21,19,26,25,32,29,31,28,22,1,30,35,16,10,7,18,9,6,20,27,11,12,33,15,24,2,34,4,13,14,8,5,17,
26,8,24,6,10,0,12,20,22,35,34,19,31,25,32,30,33,3,14,5,16,18,7,15,1,2,4,17,21,27,28,13,23,11,9,29,
20,11,33,19,26,14,5,18,3,30,2,35,17,29,6,7,21,34,28,32,25,8,24,10,27,12,1,9,23,0,16,15,22,4,31,13,
11,35,2,9,8,27,28,16,33,32,3,5,25,18,4,29,22,24,15,17,31,19,13,1,0,21,26,14,20,34,6,30,23,10,7,12,
6,13,18,11,20,10,8,22,34,33,27,17,32,28,9,7,1,16,15,30,5,4,29,2,35,23,19,26,3,0,31,21,14,24,25,12,
